1 2
2 8
3 0
4 7
5 7
6 7
7 0
8 2
9 4
10 2
11 0
12 2
13 8
14 5
15 1
16 9
17 3
18 6
19 5
20 2
21 2
22 1
23 5
24 0
25 1
26 1
27 8
28 6
29 5
30 5
31 7
32 7
33 7
34 2
35 9
36 3
37 2
38 3
39 0
40 8
41 0
42 8
43 5
44 9
45 2
46 0
47 9
48 3
49 0
50 1
51 9
52 8
53 2
54 9
55 1
56 2
57 2
58 0
59 0
60 5
61 4
62 8
63 0
64 9
65 5
66 9
67 7
68 1
69 0
70 0
71 8
72 8
73 9
74 1
75 2
76 1
77 9
78 0
79 1
80 6
81 6
82 5
83 5
84 1
85 0
86 1
87 8
88 5
89 3
90 0
91 8
92 1
93 6
94 8
95 1
96 9
97 6
98 6
99 3
100 8
101 1
102 4
103 1
104 8
105 7
106 4
107 1
108 6
109 4
110 3
111 4
112 2
113 9
114 2
115 6
116 4
117 7
118 6
119 7
120 8
121 6
122 0
123 7
124 3
125 5
126 6
127 8
128 3
129 4
130 7
131 8
132 3
133 0
134 8
135 9
136 7
137 0
138 1
139 2
140 4
141 4
142 6
143 7
144 4
145 2
146 4
147 8
148 7
149 7
150 6
151 4
152 7
153 5
154 1
155 6
156 6
157 7
158 5
159 4
160 9
161 1
162 8
163 0
164 8
165 4
166 9
167 9
168 3
169 2
170 7
171 0
172 9
173 2
174 2
175 0
176 0
177 5
178 2
179 9
180 9
181 0
182 0
183 9
184 4
185 4
186 4
187 7
188 3
189 4
190 2
191 9
192 5
193 2
194 0
195 6
196 5
197 8
198 3
199 5
200 1
201 4
202 7
203 5
204 1
205 5
206 2
207 1
208 3
209 1
210 1
211 5
212 5
213 0
214 6
215 1
216 8
217 2
218 8
219 0
220 5
221 0
222 4
223 8
224 5
225 8
226 1
227 8
228 7
229 6
230 3
231 4
232 7
233 6
234 7
235 4
236 8
237 0
238 7
239 6
240 7
241 1
242 2
243 9
244 9
245 8
246 2
247 3
248 4
249 2
250 1
251 6
252 3
253 4
254 3
255 2
256 7
257 1
258 3
259 2
260 8
261 3
262 9
263 5
264 5
265 3
266 8
267 8
268 8
269 3
270 6
271 1
272 8
273 3
274 0
275 5
276 8
277 1
278 0
279 6
280 1
281 7
282 3
283 5
284 3
285 2
286 1
287 1
288 1
289 5
290 4
291 2
292 9
293 3
294 5
295 9
296 9
297 8
298 7
299 7
300 0
301 4
302 6
303 4
304 1
305 3
306 5
307 4
308 3
309 2
310 5
311 1
312 4
313 3
314 9
315 2
316 9
317 5
318 1
319 5
320 7
321 2
322 1
323 4
324 8
325 2
326 6
327 6
328 0
329 7
330 4
331 5
332 8
333 6
334 6
335 6
336 6
337 3
338 6
339 9
340 5
341 2
342 4
343 6
344 8
345 0
346 1
347 0
348 4
349 7
350 7
351 8
352 7
353 2
354 9
355 9
356 1
357 7
358 9
359 3
360 2
361 8
362 4
363 9
364 6
365 2
366 3
367 6
368 9
369 0
370 6
371 1
372 5
373 2
374 8
375 2
376 3
377 9
378 7
379 0
380 0
381 4
382 1
383 5
384 7
385 2
386 0
387 6
388 4
389 4
390 5
391 6
392 6
393 8
394 1
395 7
396 6
397 0
398 7
399 4
400 9
401 0
402 7
403 1
404 6
405 0
406 3
407 2
408 2
409 6
410 9
411 1
412 0
413 5
414 9
415 1
416 9
417 5
418 3
419 8
420 9
421 9
422 1
423 4
424 9
425 5
426 1
427 3
428 8
429 5
430 4
431 1
432 4
433 5
434 8
435 6
436 3
437 7
438 6
439 9
440 8
441 4
442 1
443 7
444 6
445 3
446 9
447 5
448 9
449 3
450 6
451 5
452 4
453 7
454 6
455 3
456 2
457 2
458 8
459 6
460 3
461 6
462 6
463 0
464 8
465 5
466 5
467 4
468 5
469 9
470 7
471 5
472 4
473 5
474 4
475 4
476 4
477 1
478 0
479 0
480 5
481 9
482 9
483 6
484 1
485 8
486 3
487 8
488 2
489 1
490 1
491 8
492 2
493 9
494 6
495 0
496 1
497 0
498 0
499 9
500 8
501 9
502 5
503 4
504 0
505 4
506 6
507 5
508 3
509 2
510 7
511 8
512 1
513 3
514 6
515 8
516 3
517 4
518 6
519 3
520 4
521 9
522 2
523 8
524 1
525 2
526 1
527 8
528 5
529 8
530 0
531 7
532 8
533 9
534 2
535 5
536 7
537 2
538 0
539 1
540 3
541 8
542 7
543 5
544 0
545 9
546 4
547 3
548 0
549 5
550 8
551 5
552 3
553 5
554 1
555 9
556 2
557 9
558 9
559 7
560 4
561 2
562 2
563 5
564 3
565 2
566 1
567 0
568 5
569 5
570 8
571 8
572 6
573 3
574 4
575 3
576 3
577 5
578 6
579 8
580 5
581 3
582 0
583 1
584 3
585 9
586 9
587 1
588 8
589 4
590 0
591 3
592 6
593 9
594 3
595 9
596 2
597 0
598 2
599 5
600 9
601 0
602 9
603 9
604 3
605 5
606 0
607 2
608 9
609 1
610 7
611 9
612 9
613 6
614 6
615 0
616 0
617 8
618 1
619 3
620 5
621 4
622 3
623 0
624 1
625 0
626 2
627 8
628 4
629 0
630 7
631 8
632 3
633 8
634 1
635 0
636 8
637 0
638 2
639 3
640 3
641 4
642 4
643 8
644 3
645 2
646 7
647 3
648 5
649 9
650 0
651 6
652 3
653 2
654 4
655 2
656 9
657 7
658 7
659 4
660 8
661 5
662 5
663 9
664 3
665 4
666 7
667 6
668 0
669 2
670 1
671 1
672 5
673 6
674 6
675 9
676 4
677 3
678 5
679 4
680 8
681 8
682 6
683 4
684 7
685 8
686 7
687 9
688 2
689 8
690 9
691 9
692 1
693 2
694 0
695 8
696 9
697 5
698 8
699 4
700 6
701 3
702 9
703 9
704 0
705 7
706 2
707 8
708 8
709 5
710 1
711 2
712 1
713 8
714 8
715 2
716 7
717 1
718 2
719 6
720 1
721 7
722 9
723 6
724 8
725 1
726 0
727 6
728 5
729 3
730 0
731 8
732 8
733 0
734 7
735 0
736 9
737 5
738 6
739 5
740 0
741 2
742 8
743 4
744 0
745 8
746 7
747 9
748 7
749 6
750 1
751 6
752 7
753 4
754 2
755 0
756 3
757 6
758 5
759 1
760 7
761 4
762 4
763 2
764 0
765 7
766 5
767 6
768 7
769 2
770 6
771 5
772 3
773 3
774 0
775 7
776 1
777 2
778 9
779 0
780 6
781 8
782 9
783 7
784 4
785 4
786 5
787 9
788 5
789 2
790 6
791 5
792 9
793 0
794 9
795 2
796 7
797 9
798 1
799 9
800 9
801 6
802 9
803 0
804 6
805 7
806 5
807 3
808 7
809 9
810 2
811 9
812 2
813 8
814 1
815 3
816 6
817 2
818 3
819 7
820 2
821 5
822 6
823 7
824 0
825 7
826 0
827 2
828 1
829 0
830 7
831 3
832 4
833 0
834 2
835 3
836 6
837 4
838 1
839 0
840 0
841 7
842 6
843 0
844 0
845 7
846 9
847 3
848 4
849 0
850 8
851 5
852 7
853 7
854 7
855 4
856 0
857 7
858 9
859 2
860 1
861 2
862 2
863 1
864 2
865 2
866 6
867 8
868 2
869 5
870 4
871 7
872 3
873 5
874 7
875 0
876 8
877 2
878 3
879 8
880 6
881 4
882 5
883 6
884 9
885 0
886 7
887 8
888 3
889 4
890 6
891 7
892 7
893 2
894 9
895 2
896 6
897 4
898 2
899 0
900 4
901 8
902 8
903 4
904 5
905 8
906 5
907 1
908 9
909 7
910 4
911 0
912 7
913 7
914 5
915 5
916 2
917 4
918 3
919 6
920 4
921 5
922 2
923 3
924 3
925 7
926 6
927 2
928 8
929 4
930 6
931 2
932 7
933 8
934 9
935 6
936 6
937 1
938 7
939 8
940 4
941 9
942 9
943 9
944 3
945 9
946 0
947 6
948 9
949 6
950 7
951 6
952 9
953 4
954 9
955 2
956 9
957 2
958 2
959 2
960 5
961 3
962 6
963 0
964 3
965 0
966 9
967 0
968 8
969 3
970 2
971 0
972 8
973 5
974 1
975 6
976 4
977 4
978 2
979 8
980 2
981 1
982 3
983 3
984 2
985 6
986 4
987 1
988 0
989 7
990 4
991 4
992 6
993 2
994 6
995 1
996 8
997 9
998 9
999 1
1000 1
1001 6
1002 1
1003 2
1004 3
1005 0
1006 7
1007 2
1008 9
1009 0
1010 1
1011 2
1012 4
1013 4
1014 1
1015 2
1016 8
1017 6
1018 9
1019 2
1020 5
1021 4
1022 1
1023 7
1024 0
1025 2
1026 5
1027 0
1028 5
1029 7
1030 2
1031 6
1032 4
1033 0
1034 7
1035 0
1036 1
1037 4
1038 0
1039 4
1040 6
1041 2
1042 1
1043 3
1044 8
1045 9
1046 9
1047 5
1048 2
1049 9
1050 8
1051 8
1052 7
1053 2
1054 7
1055 5
1056 8
1057 1
1058 8
1059 2
1060 9
1061 0
1062 8
1063 8
1064 5
1065 6
1066 5
1067 8
1068 7
1069 2
1070 9
1071 7
1072 4
1073 7
1074 0
1075 3
1076 3
1077 9
1078 5
1079 7
1080 6
1081 9
1082 9
1083 2
1084 0
1085 0
1086 2
1087 1
1088 8
1089 1
1090 4
1091 9
1092 3
1093 7
1094 9
1095 6
1096 1
1097 4
1098 2
1099 3
1100 0
1101 4
1102 4
1103 0
1104 6
1105 3
1106 5
1107 3
1108 1
1109 3
1110 4
1111 6
1112 0
1113 9
1114 4
1115 4
1116 8
1117 6
1118 2
1119 6
1120 5
1121 6
1122 6
1123 1
1124 2
1125 2
1126 3
1127 7
1128 6
1129 9
1130 5
1131 4
1132 4
1133 9
1134 0
1135 1
1136 3
1137 4
1138 0
1139 3
1140 5
1141 7
1142 9
1143 2
1144 5
1145 6
1146 2
1147 0
1148 5
1149 3
1150 1
1151 1
1152 1
1153 5
1154 5
1155 6
1156 7
1157 1
1158 2
1159 6
1160 5
1161 5
1162 1
1163 0
1164 4
1165 7
1166 4
1167 6
1168 0
1169 2
1170 6
1171 5
1172 3
1173 2
1174 1
1175 8
1176 0
1177 0
1178 1
1179 2
1180 6
1181 7
1182 7
1183 1
1184 8
1185 7
1186 5
1187 0
1188 8
1189 5
1190 8
1191 1
1192 9
1193 4
1194 1
1195 4
1196 9
1197 4
1198 4
1199 3
1200 7
1201 5
1202 0
1203 6
1204 8
1205 0
1206 2
1207 6
1208 7
1209 3
1210 9
1211 2
1212 0
1213 1
1214 5
1215 1
1216 4
1217 1
1218 9
1219 0
1220 7
1221 7
1222 6
1223 7
1224 2
1225 2
1226 5
1227 8
1228 9
1229 3
1230 8
1231 9
1232 5
1233 1
1234 9
1235 9
1236 2
1237 0
1238 6
1239 2
1240 9
1241 2
1242 5
1243 4
1244 0
1245 4
1246 9
1247 0
1248 0
1249 5
1250 9
1251 1
1252 5
1253 0
1254 6
1255 2
1256 5
1257 2
1258 2
1259 6
1260 4
1261 9
1262 5
1263 1
1264 3
1265 1
1266 2
1267 2
1268 1
1269 7
1270 0
1271 6
1272 4
1273 5
1274 4
1275 0
1276 2
1277 6
1278 3
1279 4
1280 8
1281 0
1282 3
1283 3
1284 9
1285 1
1286 2
1287 8
1288 4
1289 0
1290 0
1291 8
1292 8
1293 0
1294 0
1295 8
1296 4
1297 5
1298 0
1299 5
1300 2
1301 7
1302 6
1303 3
1304 5
1305 0
1306 0
1307 0
1308 7
1309 3
1310 5
1311 5
1312 3
1313 4
1314 8
1315 1
1316 4
1317 7
1318 1
1319 2
1320 6
1321 5
1322 7
1323 7
1324 3
1325 4
1326 1
1327 8
1328 2
1329 1
1330 4
1331 9
1332 2
1333 5
1334 3
1335 5
1336 9
1337 7
1338 6
1339 3
1340 5
1341 0
1342 2
1343 8
1344 8
1345 4
1346 9
1347 9
1348 1
1349 6
1350 8
1351 2
1352 3
1353 3
1354 4
1355 7
1356 8
1357 4
1358 0
1359 2
1360 5
1361 2
1362 1
1363 3
1364 3
1365 2
1366 2
1367 8
1368 7
1369 1
1370 9
1371 0
1372 8
1373 4
1374 9
1375 9
1376 9
1377 2
1378 3
1379 9
1380 0
1381 1
1382 3
1383 4
1384 5
1385 3
1386 4
1387 0
1388 2
1389 7
1390 4
1391 0
1392 6
1393 9
1394 0
1395 6
1396 2
1397 3
1398 2
1399 2
1400 3
1401 5
1402 8
1403 0
1404 2
1405 4
1406 7
1407 4
1408 3
1409 9
1410 1
1411 3
1412 1
1413 6
1414 8
1415 2
1416 4
1417 6
1418 7
1419 1
1420 4
1421 9
1422 4
1423 4
1424 6
1425 0
1426 7
1427 8
1428 6
1429 2
1430 4
1431 5
1432 3
1433 7
1434 5
1435 6
1436 7
1437 2
1438 6
1439 4
1440 4
1441 0
1442 7
1443 1
1444 5
1445 4
1446 4
1447 1
1448 0
1449 1
1450 5
1451 1
1452 9
1453 8
1454 8
1455 6
1456 6
1457 7
1458 7
1459 9
1460 3
1461 0
1462 7
1463 0
1464 0
1465 6
1466 4
1467 0
1468 2
1469 8
1470 8
1471 1
1472 4
1473 8
1474 5
1475 1
1476 4
1477 1
1478 7
1479 2
1480 6
1481 7
1482 3
1483 2
1484 3
1485 0
1486 8
1487 9
1488 2
1489 3
1490 8
1491 2
1492 4
1493 2
1494 7
1495 5
1496 3
1497 0
1498 3
1499 4
1500 4
